3 100 1
0 0 5 6 90000
BernoulliNonStationary 18 0.06111736032995876 5000 0.06934306569343066 10000 0.05570175438596491 15000 0.054087277197295634 20000 0.05944986690328305 25000 0.04927884615384615 30000 0.038461538461538464 35000 0.05399792315680166 40000 0.0617906683480454 45000 0.06551141166525781 50000 0.05309090909090909 55000 0.05614881157423355 60000 0.051426426426426426 65000 0.05683403068340307 70000 0.04964308890330954 75000 0.04804327076041998 80000 0.04949095022624434 85000 0.06199460916442048 90000
BernoulliNonStationary 18 0.06996974281391831 5000 0.05352223534041716 10000 0.05785491766800178 15000 0.041120381406436236 20000 0.03932082216264522 25000 0.04250295159386069 30000 0.045572916666666664 35000 0.04381161007667032 40000 0.05044136191677175 45000 0.05857203933304831 50000 0.054596688974991196 55000 0.05890804597701149 60000 0.04587495375508694 65000 0.050129008477699966 70000 0.05357142857142857 75000 0.04732172198488334 80000 0.05676979846721544 85000 0.050666666666666665 90000
BernoulliNonStationary 18 0.04326186830015314 5000 0.03628560280920796 10000 0.03429844097995546 15000 0.04589963280293757 20000 0.026006711409395974 25000 0.021810250817884406 30000 0.032520325203252036 35000 0.02967032967032967 40000 0.030637254901960783 45000 0.031166518254674976 50000 0.024991074616208496 55000 0.03739316239316239 60000 0.030775075987841946 65000 0.03259688518652662 70000 0.03171390013495277 75000 0.03625081645983018 80000 0.03066242406711021 85000 0.028645833333333332 90000
BernoulliNonStationary 18 0.026158445440956652 5000 0.026558891454965358 10000 0.020463847203274217 15000 0.023215322112594312 20000 0.023478260869565216 25000 0.012235817575083427 30000 0.016574585635359115 35000 0.021052631578947368 40000 0.021011162179908074 45000 0.020858895705521473 50000 0.0226628895184136 55000 0.02695134756737837 60000 0.02098164106406894 65000 0.02148997134670487 70000 0.02012072434607646 75000 0.024739583333333332 80000 0.022132796780684104 85000 0.029925187032418952 90000
BernoulliNonStationary 18 0.03575461046292811 5000 0.03257328990228013 10000 0.040253279059249206 15000 0.0367913148371532 20000 0.025984911986588432 25000 0.023282887077997673 30000 0.009497964721845319 35000 0.023835319609967497 40000 0.03225806451612903 45000 0.034908471690080885 50000 0.031487513572204126 55000 0.03145917001338688 60000 0.03424153166421208 65000 0.0340036563071298 70000 0.03506450545815415 75000 0.033920417482061316 80000 0.030826851051570153 85000 0.029649595687331536 90000
ucb1 ucb1
d_ucb round 2 d_ucb _d_ucb
sw_ucb round 2 sw_ucb _sw_ucb
adapt_eve _adapt_eve
cusum_ucb _cd_algorithm 0 1
cusum_ucb_history _cd_algorithm 1 1
1 0 5 6 90000
BernoulliNonStationary 18 0.015782828282828284 5000 0.013613861386138614 10000 0.0164771408679508 15000 0.014372404982433726 20000 0.010501193317422435 25000 0.010278113663845224 30000 0.008595988538681949 35000 0.011929824561403509 40000 0.012147505422993492 45000 0.019475460919241756 50000 0.012603215993046502 55000 0.01562825588664305 60000 0.014524170821591156 65000 0.0182370820668693 70000 0.010827197921177999 75000 0.011332633788037776 80000 0.01305699481865285 85000 0.014018691588785047 90000
BernoulliNonStationary 18 0.07287720080231781 5000 0.07342657342657342 10000 0.060648148148148145 15000 0.05409535452322738 20000 0.051715804736587725 25000 0.042011834319526625 30000 0.041604754829123326 35000 0.050550874918988985 40000 0.056823073611709 45000 0.05595854922279793 50000 0.05699138502319417 55000 0.052096052096052094 60000 0.043882978723404256 65000 0.04821116928446771 70000 0.04393398751115076 75000 0.046619067618647626 80000 0.04182350480970305 85000 0.036048064085447265 90000
BernoulliNonStationary 18 0.031075867981140162 5000 0.031628104436425386 10000 0.031242659149635893 15000 0.02688 20000 0.024662633783154957 25000 0.02727836329820211 30000 0.020209580838323353 35000 0.022727272727272728 40000 0.02528932704672096 45000 0.027408637873754152 50000 0.0405727923627685 55000 0.034181078331637846 60000 0.028609154929577465 65000 0.029359430604982206 70000 0.026973247844351095 75000 0.03393619183092867 80000 0.029104324656691945 85000 0.028938906752411574 90000
BernoulliNonStationary 18 0.034193548387096775 5000 0.03730547857599659 10000 0.035878564857405704 15000 0.037674569665475804 20000 0.03941120607787275 25000 0.03546981953951462 30000 0.0336996336996337 35000 0.02779708130646282 40000 0.02603928734582001 45000 0.031327287716405604 50000 0.027182320441988952 55000 0.03218532185321853 60000 0.026724137931034484 65000 0.030690537084398978 70000 0.028748341441839895 75000 0.02907216494845361 80000 0.02645930115128257 85000 0.025308241401687217 90000
BernoulliNonStationary 18 0.03296213808463252 5000 0.033326346677845314 10000 0.029959896201934417 15000 0.029850746268656716 20000 0.024886877828054297 25000 0.01982651796778191 30000 0.023564064801178203 35000 0.0174496644295302 40000 0.026490066225165563 45000 0.024010914051841747 50000 0.020869565217391306 55000 0.02750050926869016 60000 0.023676280671545414 65000 0.02601156069364162 70000 0.018855218855218854 75000 0.024434571890145397 80000 0.02295814709467696 85000 0.015693659761456372 90000
ucb1 ucb1
d_ucb round 2 d_ucb _d_ucb
sw_ucb round 2 sw_ucb _sw_ucb
adapt_eve _adapt_eve
cusum_ucb _cd_algorithm 0 1
cusum_ucb_history _cd_algorithm 1 1
2 0 5 6 85000
BernoulliNonStationary 17 0.01635428151414921 5000 0.01482233502538071 10000 0.014136904761904762 15000 0.01740341106856944 20000 0.017241379310344827 25000 0.011278195488721804 30000 0.01539408866995074 35000 0.010845986984815618 40000 0.015433610975012248 45000 0.011395027624309393 50000 0.009026128266033254 55000 0.013805721889554225 60000 0.012102874432677761 65000 0.009573195053849222 70000 0.014826642335766423 75000 0.010931806350858927 80000 0.011648745519713262 85000
BernoulliNonStationary 17 0.042103393142654114 5000 0.039927404718693285 10000 0.04045643153526971 15000 0.04523141654978962 20000 0.035351089588377724 25000 0.030397022332506202 30000 0.02178217821782178 35000 0.02796571944068561 40000 0.03200962695547533 45000 0.03310681303362955 50000 0.02943491263969778 55000 0.03215169002473207 60000 0.029781473602784762 65000 0.03263308178666123 70000 0.026071185672183177 75000 0.02742561448900388 80000 0.029143897996357013 85000
BernoulliNonStationary 17 0.07104890148830617 5000 0.060741040696497266 10000 0.05401234567901234 15000 0.04885057471264368 20000 0.044987775061124696 25000 0.04082876294942109 30000 0.03594771241830065 35000 0.049344978165938864 40000 0.06699266503667482 45000 0.06698895027624309 50000 0.05605311920938851 55000 0.05525238744884038 60000 0.05325443786982249 65000 0.05963855421686747 70000 0.052868391451068614 75000 0.05122843700993204 80000 0.043333333333333335 85000
BernoulliNonStationary 17 0.06487537564079901 5000 0.05905190028606457 10000 0.059212198221092756 15000 0.05091159270725834 20000 0.04804358593363051 25000 0.03692674210839786 30000 0.038640906062624915 35000 0.048013245033112585 40000 0.054183467741935484 45000 0.05713290367531789 50000 0.060885897636562845 55000 0.05580769877290301 60000 0.05326829268292683 65000 0.0464321608040201 70000 0.04387360763809957 75000 0.036348949919224556 80000 0.04007633587786259 85000
BernoulliNonStationary 17 0.03727256668433139 5000 0.03038336052202284 10000 0.029238266222108233 15000 0.02554366586123576 20000 0.017568850902184234 25000 0.015767131594906003 30000 0.018733850129198967 35000 0.021038495971351837 40000 0.024607961399276235 45000 0.02745029033960936 50000 0.024241476384110103 55000 0.023614134985764527 60000 0.02623732856290996 65000 0.023891476007288925 70000 0.02031499657612417 75000 0.02670856245090338 80000 0.017455213596692696 85000
ucb1 ucb1
d_ucb round 2 d_ucb _d_ucb
sw_ucb round 2 sw_ucb _sw_ucb
adapt_eve _adapt_eve
cusum_ucb _cd_algorithm 0 1
cusum_ucb_history _cd_algorithm 1 1
